-0.32 -0.14 0.23 1 0 0 0.000796274
-0.31004 -0.144241 0.23 1 0 0 0.000796274
-0.299926 -0.148074 0.23 1 0 0 0.000796274
-0.289573 -0.151581 0.23 1 0 0 0.000796274
-0.278949 -0.154859 0.23 1 0 0 0.000796274
-0.26808 -0.157982 0.23 1 0 0 0.000796274
-0.257044 -0.160976 0.23 1 0 0 0.000796274
-0.245949 -0.163815 0.23 1 0 0 0.000796274
-0.23491 -0.166434 0.23 1 0 0 0.000796274
-0.224034 -0.168765 0.23 1 0 0 0.000796274
-0.213406 -0.170773 0.229999 1 0 0 0.000796274
-0.203073 -0.172496 0.229999 1 0 0 0.000796274
-0.193026 -0.17406 0.229999 1 0 0 0.000796274
-0.183205 -0.175698 0.229999 1 0 0 0.000796274
-0.173523 -0.177778 0.229999 1 0 0 0.000796274
-0.163932 -0.180881 0.229999 1 0 0 0.000796274
-0.154579 -0.185966 0.229999 1 0 0 0.000796274
-0.146183 -0.194394 0.229999 1 0 0 0.000796274
-0.14009 -0.206424 0.229999 1 0 0 0.000796274
-0.135788 -0.218853 0.229999 1 0 0 0.000796274
-0.132585 -0.230147 0.229999 1 0 0 0.000796274
-0.129878 -0.240155 0.229999 1 0 0 0.000796274
-0.127397 -0.249123 0.229999 1 0 0 0.000796274
-0.125018 -0.257285 0.229999 1 0 0 0.000796274
-0.12266 -0.264812 0.229999 1 0 0 0.000796274
-0.120254 -0.271822 0.23 1 0 0 0.000796274
-0.117729 -0.278394 0.23 1 0 0 0.000796274
-0.11501 -0.284571 0.23 1 0 0 0.000796274
-0.112023 -0.290358 0.23 1 0 0 0.000796274
-0.108707 -0.295724 0.23 1 0 0 0.000796274
-0.105039 -0.300603 0.23 1 0 0 0.000796274
-0.101055 -0.304915 0.23 1 0 0 0.000796274
-0.0968538 -0.308613 0.23 1 0 0 0.000796274
-0.0925694 -0.311704 0.23 1 0 0 0.000796274
-0.0883264 -0.314254 0.23 1 0 0 0.000796274
-0.0856766 -0.315627 0.23 1 0 0 0.000796274
-0.0831063 -0.316958 0.23 1 0 0 0.000796274
-0.0806131 -0.318249 0.23 1 0 0 0.000796274
-0.0781947 -0.319502 0.23 1 0 0 0.000796274
-0.0758489 -0.320717 0.23 1 0 0 0.000796274
-0.0735734 -0.321895 0.23 1 0 0 0.000796274
-0.0713662 -0.323038 0.23 1 0 0 0.000796274
-0.0692252 -0.324147 0.23 1 0 0 0.000796274
-0.0671484 -0.325223 0.23 1 0 0 0.000796274
-0.065134 -0.326266 0.23 1 0 0 0.000796274
-0.06318 -0.327278 0.23 1 0 0 0.000796274
-0.0612846 -0.32826 0.23 1 0 0 0.000796274
-0.059446 -0.329212 0.23 1 0 0 0.000796274
-0.0576627 -0.330136 0.23 1 0 0 0.000796274
-0.0559328 -0.331032 0.23 1 0 0 0.000796274
-0.0542548 -0.331901 0.23 1 0 0 0.000796274
-0.0526272 -0.332744 0.23 1 0 0 0.000796274
-0.0510483 -0.333561 0.23 1 0 0 0.000796274
-0.0495169 -0.334355 0.23 1 0 0 0.000796274
-0.0480314 -0.335124 0.23 1 0 0 0.000796274
-0.0465904 -0.33587 0.23 1 0 0 0.000796274
-0.0451927 -0.336594 0.23 1 0 0 0.000796274
-0.0438369 -0.337296 0.23 1 0 0 0.000796274
-0.0425218 -0.337977 0.23 1 0 0 0.000796274
-0.0412462 -0.338638 0.23 1 0 0 0.000796274
-0.0400088 -0.339279 0.23 1 0 0 0.000796274
-0.0388085 -0.339901 0.23 1 0 0 0.000796274
-0.0376443 -0.340504 0.23 1 0 0 0.000796274
-0.0365149 -0.341088 0.23 1 0 0 0.000796274
-0.0354195 -0.341656 0.23 1 0 0 0.000796274
-0.0343569 -0.342206 0.23 1 0 0 0.000796274
-0.0333262 -0.34274 0.23 1 0 0 0.000796274
-0.0323264 -0.343258 0.23 1 0 0 0.000796274
-0.0313566 -0.34376 0.23 1 0 0 0.000796274
-0.0304159 -0.344247 0.23 1 0 0 0.000796274
-0.0295034 -0.34472 0.23 1 0 0 0.000796274
-0.0286183 -0.345178 0.23 1 0 0 0.000796274
-0.0277598 -0.345623 0.23 1 0 0 0.000796274
-0.026927 -0.346054 0.23 1 0 0 0.000796274
-0.0261192 -0.346473 0.23 1 0 0 0.000796274
-0.0253356 -0.346878 0.23 1 0 0 0.000796274
-0.0245755 -0.347272 0.23 1 0 0 0.000796274
-0.0238383 -0.347654 0.23 1 0 0 0.000796274
-0.0231231 -0.348024 0.23 1 0 0 0.000796274
-0.0224294 -0.348384 0.23 1 0 0 0.000796274
-0.0217566 -0.348732 0.23 1 0 0 0.000796274
-0.0211039 -0.34907 0.23 1 0 0 0.000796274
-0.0204707 -0.349398 0.23 1 0 0 0.000796274
-0.0198566 -0.349716 0.23 1 0 0 0.000796274
-0.0192609 -0.350025 0.23 1 0 0 0.000796274
-0.0186831 -0.350324 0.23 1 0 0 0.000796274
-0.0181226 -0.350614 0.23 1 0 0 0.000796274
-0.0175789 -0.350896 0.23 1 0 0 0.000796274
0 -0.36 0.23 1 0 0 0.000796274
0.0109884 -0.355162 0.23 1 0 0 0.000796274
0.0215703 -0.350552 0.23 1 0 0 0.000796274
0.0317116 -0.34612 0.23 1 0 0 0.000796274
0.0413596 -0.341785 0.23 1 0 0 0.000796274
0.0504314 -0.337413 0.23 1 0 0 0.000796274
0.0587984 -0.332787 0.23 1 0 0 0.000796274
0.0662747 -0.327572 0.23 1 0 0 0.000796274
0.0726318 -0.321264 0.23 1 0 0 0.000796274
0.0776675 -0.313154 0.229999 1 0 0 0.000796274
0.0814479 -0.303163 0.229999 1 0 0 0.000796274
0.0841315 -0.291511 0.229999 1 0 0 0.000796274
0.0859013 -0.279142 0.229999 1 0 0 0.000796274
0.087022 -0.267559 0.229999 1 0 0 0.000796274
0.0878128 -0.257436 0.229999 1 0 0 0.000796274
0.0885373 -0.248571 0.229999 1 0 0 0.000796274
0.0893863 -0.240522 0.229999 1 0 0 0.000796274
0.0905366 -0.232878 0.229999 1 0 0 0.000796274
0.0922236 -0.225287 0.229999 1 0 0 0.000796274
0.0948378 -0.217458 0.229999 1 0 0 0.000796274
0.099058 -0.209277 0.229999 1 0 0 0.000796274
0.105854 -0.20119 0.229998 1 0 0 0.000796274
0.115632 -0.194633 0.229998 1 0 0 0.000796274
0.127035 -0.190695 0.229999 1 0 0 0.000796274
0.138491 -0.188775 0.229999 1 0 0 0.000796274
0.149426 -0.187936 0.229999 1 0 0 0.000796274
0.159746 -0.18753 0.229999 1 0 0 0.000796274
0.169472 -0.187246 0.229999 1 0 0 0.000796274
0.178634 -0.187007 0.229999 1 0 0 0.000796274
0.187271 -0.186783 0.229999 1 0 0 0.000796274
0.195416 -0.18657 0.229999 1 0 0 0.000796274
0.203098 -0.186379 0.229999 1 0 0 0.000796274
0.210339 -0.186227 0.229999 1 0 0 0.000796274
0.217156 -0.186132 0.229999 1 0 0 0.000796274
0.223564 -0.186108 0.229999 1 0 0 0.000796274
0.22957 -0.186163 0.229999 1 0 0 0.000796274
0.235181 -0.1863 0.229999 1 0 0 0.000796274
0.240403 -0.186514 0.229999 1 0 0 0.000796274
0.243391 -0.186318 0.229999 1 0 0 0.000796274
0.24629 -0.186129 0.229999 1 0 0 0.000796274
0.249101 -0.185945 0.229999 1 0 0 0.000796274
0.251828 -0.185766 0.229999 1 0 0 0.000796274
0.254473 -0.185593 0.229999 1 0 0 0.000796274
0.257039 -0.185426 0.23 1 0 0 0.000796274
0.259528 -0.185263 0.23 1 0 0 0.000796274
0.261942 -0.185105 0.23 1 0 0 0.000796274
0.264284 -0.184952 0.23 1 0 0 0.000796274
0.266555 -0.184803 0.23 1 0 0 0.000796274
0.268758 -0.184659 0.23 1 0 0 0.000796274
0.270896 -0.184519 0.23 1 0 0 0.000796274
0.272969 -0.184384 0.23 1 0 0 0.000796274
0.27498 -0.184252 0.23 1 0 0 0.000796274
0.27693 -0.184125 0.23 1 0 0 0.000796274
0.278822 -0.184001 0.23 1 0 0 0.000796274
0.280658 -0.183881 0.23 1 0 0 0.000796274
0.282438 -0.183765 0.23 1 0 0 0.000796274
0.284165 -0.183652 0.23 1 0 0 0.000796274
0.28584 -0.183542 0.23 1 0 0 0.000796274
0.287465 -0.183436 0.23 1 0 0 0.000796274
0.289041 -0.183333 0.23 1 0 0 0.000796274
0.29057 -0.183233 0.23 1 0 0 0.000796274
0.292052 -0.183136 0.23 1 0 0 0.000796274
0.293491 -0.183042 0.23 1 0 0 0.000796274
0.294886 -0.18295 0.23 1 0 0 0.000796274
0.29624 -0.182862 0.23 1 0 0 0.000796274
0.297552 -0.182776 0.23 1 0 0 0.000796274
0.298826 -0.182693 0.23 1 0 0 0.000796274
0.300061 -0.182612 0.23 1 0 0 0.000796274
0.301259 -0.182534 0.23 1 0 0 0.000796274
0.302421 -0.182458 0.23 1 0 0 0.000796274
0.303549 -0.182384 0.23 1 0 0 0.000796274
0.304642 -0.182312 0.23 1 0 0 0.000796274
0.305703 -0.182243 0.23 1 0 0 0.000796274
0.306732 -0.182176 0.23 1 0 0 0.000796274
0.30773 -0.18211 0.23 1 0 0 0.000796274
0.308698 -0.182047 0.23 1 0 0 0.000796274
0.309637 -0.181986 0.23 1 0 0 0.000796274
0.310548 -0.181926 0.23 1 0 0 0.000796274
0.311432 -0.181868 0.23 1 0 0 0.000796274
0.312289 -0.181812 0.23 1 0 0 0.000796274
0.31312 -0.181758 0.23 1 0 0 0.000796274
0.313926 -0.181705 0.23 1 0 0 0.000796274
0.314709 -0.181654 0.23 1 0 0 0.000796274
0.315467 -0.181604 0.23 1 0 0 0.000796274
0.316203 -0.181556 0.23 1 0 0 0.000796274
0.316917 -0.18151 0.23 1 0 0 0.000796274
0.31761 -0.181464 0.23 1 0 0 0.000796274
0.318281 -0.18142 0.23 1 0 0 0.000796274
0.318933 -0.181378 0.23 1 0 0 0.000796274
0.319565 -0.181336 0.23 1 0 0 0.000796274
0.320178 -0.181296 0.23 1 0 0 0.000796274
0.34 -0.18 0.23 1 0 0 0.000796274
